-0.21
-0.08971
-0.21
-0.21
-0.21
-0.21
-0.21
-0.08957
-0.21
-0.08972
0.01456
-0.10356
0.14011
-0.21
-0.0919
-0.21
-0.21
-0.21
-0.21
-0.08929
-0.21
-0.21
-0.21
-0.21
-0.21
-0.21
-0.08943
-0.21
0.02674
-0.08967
-0.08932
0.02158
-0.21
-0.21
0.02321
-0.08949
0.02656
-0.21
-0.21
-0.21
-0.21
-0.21
-0.21
-0.21
-0.09459
0.03002
-0.21
-0.09017
-0.09069
-0.09365
-0.21
-0.21
-0.21
-0.21
-0.09036
-0.08986
-0.0896
-0.08956
-0.09103
-0.21
-0.21
-0.21
-0.09362
-0.08962
-0.21
-0.21
-0.21
-0.09681
-0.21
-0.21
-0.21
-0.09084
-0.21
-0.21
-0.21
-0.21
-0.21
-0.21
-0.21
-0.21
0.03085
-0.08934
-0.08939
-0.21
-0.21
-0.21
-0.21
-0.21
-0.21
-0.08949
-0.21
-0.21
0.03105
-0.09123
-0.08958
-0.08936
-0.21
-0.08951
-0.08963
-0.09901
-0.09006
-0.21
-0.21
-0.0894
-0.0912
-0.08945
-0.21
-0.09002
-0.08953
-0.08946
-0.21
0.03082
-0.21
-0.21
-0.21
-0.21
-0.21
-0.08971
-0.21
-0.21
-0.21
-0.21
-0.21
-0.21
-0.21
-0.21
-0.08962
-0.21
-0.21
-0.21
-0.21
-0.21
-0.21
-0.21
-0.21
-0.21
-0.21
-0.21
-0.21
-0.21
-0.21
-0.0899
-0.21
-0.21
-0.21
-0.21
-0.21
-0.09074
-0.21
-0.21
-0.21
-0.21
-0.21
-0.21
-0.21
-0.21
-0.21
-0.21
-0.21
-0.21
-0.21
-0.09041
-0.21
-0.08944
-0.09702
-0.21
-0.21
-0.21
-0.09271
-0.21
-0.21
-0.21
-0.21
-0.09393
-0.21
-0.21
-0.21
-0.21
-0.08969
-0.21
-0.21
-0.21
-0.21
-0.21
-0.21
-0.21
-0.21
-0.21
-0.21
-0.21
-0.21
-0.21
-0.08929
-0.21
-0.21
-0.21
-0.21
-0.21
-0.21
-0.21-0.21
-0.21
-0.21
-0.21
-0.21
-0.21
-0.09713
-0.21
-0.21
-0.21
-0.08988
-0.21
-0.0895
-0.21
-0.21
-0.21
-0.21
-0.21
-0.09226
-0.21
-0.08941
-0.21
-0.21
-0.21
-0.21
-0.21
-0.21
-0.09505
-0.21
-0.21
-0.21
-0.21
-0.21
-0.08975
-0.21
-0.21
-0.21
-0.21
-0.21
-0.21
-0.21
-0.21
-0.21
-0.21
-0.21
-0.08934
-0.21
-0.21
-0.21
-0.0941
-0.08988
-0.21
-0.21
-0.21
-0.21
-0.21
-0.21
-0.21
-0.21
-0.21
-0.21
-0.21
-0.08962
-0.21
-0.08965
-0.21
-0.08924
-0.21
0.02539
-0.10777
-0.08995
-0.21
-0.0908
-0.21
-0.21
-0.21
-0.21
-0.21
-0.21
-0.21
-0.09241
-0.10251
-0.21
-0.21
-0.21
-0.08987
-0.21
-0.21
-0.21
-0.21
-0.21
-0.08932
-0.21
-0.21
-0.21
-0.21
-0.21
-0.09168
-0.21
-0.21
-0.10468
-0.21
-0.08972
-0.10522
-0.21
-0.21
-0.21
-0.21
-0.21
-0.21
-0.21
-0.21
-0.21
-0.21
-0.21
-0.21
-0.21
-0.09001
-0.21
-0.21
-0.21
-0.21
-0.21
-0.21
-0.21
-0.0946
-0.21
-0.21
-0.21
-0.0913
-0.21
-0.21
-0.08937
-0.21
-0.21
-0.21
-0.21
0.0237
-0.09092
-0.21
-0.21
-0.21
-0.21
-0.21
-0.21
-0.10548
-0.21
-0.21
-0.21
-0.21
-0.21
0.03125
-0.21
-0.21
-0.21
-0.21
-0.21
-0.21
-0.08932
-0.21
-0.21
-0.21
-0.21
-0.21
-0.21
-0.21
-0.08961
-0.21
-0.21
-0.21
-0.21
-0.21
-0.21
-0.21
-0.21
-0.21
-0.21
-0.21
-0.09561
-0.21
-0.21
-0.21
-0.21
-0.21
-0.0899
-0.21
-0.21
-0.08944
-0.21
-0.21
-0.21
-0.09084
-0.21
-0.21
-0.21
-0.21
-0.21
-0.21
-0.21
-0.21
